   0.0000000e+00   2.6885882e+01
   1.0000000e-01   4.2464270e+01
   2.0000000e-01   7.6987563e+00
   3.0000000e-01   6.7472713e+01
   4.0000000e-01   5.4743796e+01
   5.0000000e-01   9.6288048e+00
   6.0000000e-01   3.0722068e+01
   7.0000000e-01   6.6377214e+01
   8.0000000e-01   1.2630788e+02
   9.0000000e-01   1.3696482e+02
   1.0000000e+00   2.3878382e+01
   1.1000000e+00   1.5586398e+02
   1.2000000e+00   1.6197752e+02
   1.3000000e+00   8.6121452e+01
   1.4000000e+00   1.4822182e+02
   1.5000000e+00   2.7321709e+01
   1.6000000e+00   8.4124010e+01
   1.7000000e+00   1.8852659e+02
   1.8000000e+00   1.6775984e+02
   1.9000000e+00   2.0827829e+02
   2.0000000e+00   1.4541124e+02
   2.1000000e+00   8.0624243e+00
   2.2000000e+00   1.9453095e+02
   2.3000000e+00   2.1645504e+02
   2.4000000e+00   1.5867109e+02
   2.5000000e+00   1.7823643e+02
   2.6000000e+00   1.7550049e+02
   2.7000000e+00   9.2830105e+01
   2.8000000e+00   1.5523081e+02
   2.9000000e+00   4.0512051e+01
   3.0000000e+00   1.6677524e+02
   3.1000000e+00   7.4969126e+00
   3.2000000e+00   6.4954452e+01
   3.3000000e+00   1.0774427e+01
   3.4000000e+00   2.2525090e+01
   3.5000000e+00   1.8954970e+02
   3.6000000e+00   1.5856519e+02
   3.7000000e+00   7.1651681e+01
   3.8000000e+00   2.1232012e+02
   3.9000000e+00   7.6008025e+00
   4.0000000e+00   9.5474673e+01
   4.1000000e+00   8.1768039e+01
   4.2000000e+00   1.6132331e+02
   4.3000000e+00   1.6454961e+02
   4.4000000e+00   3.7912749e+01
   4.5000000e+00   9.7267453e+01
   4.6000000e+00   8.6487327e+01
   4.7000000e+00   1.2239930e+02
   4.8000000e+00   1.3084814e+02
   4.9000000e+00   1.3534457e+02
   5.0000000e+00   4.8037101e+01
   5.1000000e+00   1.1456120e+02
   5.2000000e+00   1.0670978e+02
   5.3000000e+00   2.5542592e+01
   5.4000000e+00   1.7982180e+01
   5.5000000e+00   7.2268601e+01
   5.6000000e+00   1.3319608e+02
   5.7000000e+00   4.5081062e+01
   5.8000000e+00   7.3745317e+01
   5.9000000e+00   2.6743061e+01
   6.0000000e+00   8.4839886e+01
   6.1000000e+00   2.7133150e+01
   6.2000000e+00   5.0524272e+01
   6.3000000e+00   6.5367978e+01
   6.4000000e+00   7.7911506e+01
   6.5000000e+00   7.8582419e+01
   6.6000000e+00   4.2259390e+01
   6.7000000e+00   1.0236580e+01
   6.8000000e+00   1.0809052e+01
   6.9000000e+00   1.8977745e+01
   7.0000000e+00   6.6126847e+01
   7.1000000e+00   2.2425020e+01
   7.2000000e+00   8.3854683e+01
   7.3000000e+00   2.9989183e+01
   7.4000000e+00   1.3743730e+02
   7.5000000e+00   6.1343182e+01
   7.6000000e+00   3.9735445e+01
   7.7000000e+00   5.6353169e+01
   7.8000000e+00   1.4670726e+02
   7.9000000e+00   1.1358042e+02
   8.0000000e+00   8.0324434e+01
   8.1000000e+00   1.6955753e+02
   8.2000000e+00   9.9289675e+01
   8.3000000e+00   7.0978873e+01
   8.4000000e+00   7.9643519e+01
   8.5000000e+00   1.3309760e+01
   8.6000000e+00   8.2499608e+00
   8.7000000e+00  -1.4261437e+01
   8.8000000e+00  -1.6274480e+01
   8.9000000e+00  -3.4821160e+01
   9.0000000e+00  -5.7323657e+00
   9.1000000e+00  -4.6707594e+00
   9.2000000e+00  -5.0564942e+01
   9.3000000e+00  -7.9745761e+01
   9.4000000e+00  -1.0119135e+02
   9.5000000e+00  -1.4754728e+01
   9.6000000e+00  -6.7278325e+01
   9.7000000e+00  -5.7526222e+01
   9.8000000e+00  -1.5054532e+00
   9.9000000e+00  -4.3862200e+01
   1.0000000e+01  -2.1640720e+01
   1.0100000e+01  -1.0839845e+02
   1.0200000e+01  -4.3328048e+01
   1.0300000e+01  -7.4881216e+01
   1.0400000e+01  -2.3825624e+01
   1.0500000e+01  -8.7696117e+01
   1.0600000e+01  -3.8711880e+01
   1.0700000e+01  -9.7075359e+01
   1.0800000e+01  -1.0289119e+02
   1.0900000e+01  -1.1208625e+02
   1.1000000e+01  -6.7579556e+01
   1.1100000e+01  -1.2557677e+01
   1.1200000e+01  -3.4178006e+01
   1.1300000e+01  -1.3547979e+02
   1.1400000e+01  -2.2402375e+01
   1.1500000e+01  -1.1999562e+02
   1.1600000e+01  -7.7083266e+01
   1.1700000e+01  -1.4010800e+02
   1.1800000e+01  -1.0764084e+01
   1.1900000e+01  -5.9448965e+01
   1.2000000e+01  -1.3912479e+01
   1.2100000e+01  -1.2132664e+02
   1.2200000e+01  -5.6226275e-01
   1.2300000e+01  -8.9887182e+01
   1.2400000e+01  -8.9964704e+01
   1.2500000e+01  -8.9867097e+01
   1.2600000e+01  -8.0990835e+00
   1.2700000e+01  -3.4826303e+01
   1.2800000e+01  -1.9846774e+01
   1.2900000e+01  -5.0052923e+01
   1.3000000e+01  -1.8899366e+01
   1.3100000e+01  -1.5666200e+01
   1.3200000e+01   3.8993959e+00
   1.3300000e+01   2.0466672e+01
   1.3400000e+01   2.2900551e+01
   1.3500000e+01   3.6211614e+01
   1.3600000e+01   3.5310522e+02
   1.3700000e+01   3.3269727e+02
   1.3800000e+01   4.1648842e+02
   1.3900000e+01   1.3578104e+02
   1.4000000e+01   9.2677338e+02
   1.4100000e+01   7.3549217e+02
   1.4200000e+01   4.2409334e+02
   1.4300000e+01   5.9648296e+02
   1.4400000e+01   4.2421955e+02
   1.4500000e+01   6.9275976e+01
   1.4600000e+01   1.8157512e+02
   1.4700000e+01   7.5617484e+01
   1.4800000e+01   9.1179243e+01
   1.4900000e+01   9.8520140e+01
   1.5000000e+01   1.4874980e+02
   1.5100000e+01   1.6303962e+01
   1.5200000e+01   2.8859128e+02
   1.5300000e+01   3.0660800e+02
   1.5400000e+01   1.6599459e+02
   1.5500000e+01   1.7483962e+02
   1.5600000e+01   1.2834287e+02
   1.5700000e+01   3.6446693e+02
   1.5800000e+01   1.5929438e+02
   1.5900000e+01   5.1048095e+01
   1.6000000e+01   3.8053198e+02
   1.6100000e+01   2.0159710e+02
   1.6200000e+01   1.3237140e+02
   1.6300000e+01   2.3385142e+02
   1.6400000e+01   5.8942714e+01
   1.6500000e+01   8.5000398e+01
   1.6600000e+01   6.3862583e+02
   1.6700000e+01   6.8135452e+02
   1.6800000e+01   4.3036582e+02
   1.6900000e+01   4.6906055e+01
   1.7000000e+01   1.9298948e+02
   0.0000000e+00   3.5847842e+01
   1.0000000e-01   5.6619027e+01
   2.0000000e-01   1.0265008e+01
   3.0000000e-01   8.9963618e+01
   4.0000000e-01   7.2991728e+01
   5.0000000e-01   1.2838406e+01
   6.0000000e-01   4.0962757e+01
   7.0000000e-01   8.8502951e+01
   8.0000000e-01   1.6841051e+02
   9.0000000e-01   1.8261975e+02
   1.0000000e+00   3.1837842e+01
   1.1000000e+00   2.0781864e+02
   1.2000000e+00   2.1597003e+02
   1.3000000e+00   1.1482860e+02
   1.4000000e+00   1.9762909e+02
   1.5000000e+00   3.6428945e+01
   1.6000000e+00   1.1216535e+02
   1.7000000e+00   2.5136879e+02
   1.8000000e+00   2.2367979e+02
   1.9000000e+00   2.7770439e+02
   2.0000000e+00   1.9388166e+02
   2.1000000e+00   1.0749899e+01
   2.2000000e+00   2.5937460e+02
   2.3000000e+00   2.8860672e+02
   2.4000000e+00   2.1156145e+02
   2.5000000e+00   2.3764858e+02
   2.6000000e+00   2.3400065e+02
   2.7000000e+00   1.2377347e+02
   2.8000000e+00   2.0697441e+02
   2.9000000e+00   5.4016068e+01
   3.0000000e+00   2.2236699e+02
   3.1000000e+00   9.9958834e+00
   3.2000000e+00   8.6605936e+01
   3.3000000e+00   1.4365903e+01
   3.4000000e+00   3.0033453e+01
   3.5000000e+00   2.5273293e+02
   3.6000000e+00   2.1142025e+02
   3.7000000e+00   9.5535574e+01
   3.8000000e+00   2.8309350e+02
   3.9000000e+00   1.0134403e+01
   4.0000000e+00   1.2729956e+02
   4.1000000e+00   1.0902405e+02
   4.2000000e+00   2.1509774e+02
   4.3000000e+00   2.1939948e+02
   4.4000000e+00   5.0550332e+01
   4.5000000e+00   1.2968994e+02
   4.6000000e+00   1.1531644e+02
   4.7000000e+00   1.6319906e+02
   4.8000000e+00   1.7446418e+02
   4.9000000e+00   1.8045943e+02
   5.0000000e+00   6.4049468e+01
   5.1000000e+00   1.5274826e+02
   5.2000000e+00   1.4227971e+02
   5.3000000e+00   3.4056790e+01
   5.4000000e+00   2.3976240e+01
   5.5000000e+00   9.6358135e+01
   5.6000000e+00   1.7759477e+02
   5.7000000e+00   6.0108083e+01
   5.8000000e+00   9.8327089e+01
   5.9000000e+00   3.5657415e+01
   6.0000000e+00   1.1311985e+02
   6.1000000e+00   3.6177533e+01
   6.2000000e+00   6.7365697e+01
   6.3000000e+00   8.7157305e+01
   6.4000000e+00   1.0388201e+02
   6.5000000e+00   1.0477656e+02
   6.6000000e+00   5.6345854e+01
   6.7000000e+00   1.3648773e+01
   6.8000000e+00   1.4412069e+01
   6.9000000e+00   2.5303660e+01
   7.0000000e+00   8.8169129e+01
   7.1000000e+00   2.9900027e+01
   7.2000000e+00   1.1180624e+02
   7.3000000e+00   3.9985578e+01
   7.4000000e+00   1.8324973e+02
   7.5000000e+00   8.1790910e+01
   7.6000000e+00   5.2980593e+01
   7.7000000e+00   7.5137559e+01
   7.8000000e+00   1.9560968e+02
   7.9000000e+00   1.5144056e+02
   8.0000000e+00   1.0709925e+02
   8.1000000e+00   2.2607670e+02
   8.2000000e+00   1.3238623e+02
   8.3000000e+00   9.4638497e+01
   8.4000000e+00   1.0619136e+02
   8.5000000e+00   1.7746347e+01
   8.6000000e+00   1.0999948e+01
   8.7000000e+00  -1.9015249e+01
   8.8000000e+00  -2.1699307e+01
   8.9000000e+00  -4.6428214e+01
   9.0000000e+00  -7.6431543e+00
   9.1000000e+00  -6.2276792e+00
   9.2000000e+00  -6.7419922e+01
   9.3000000e+00  -1.0632768e+02
   9.4000000e+00  -1.3492181e+02
   9.5000000e+00  -1.9672970e+01
   9.6000000e+00  -8.9704433e+01
   9.7000000e+00  -7.6701630e+01
   9.8000000e+00  -2.0072709e+00
   9.9000000e+00  -5.8482933e+01
   1.0000000e+01  -2.8854294e+01
   1.0100000e+01  -1.4453127e+02
   1.0200000e+01  -5.7770730e+01
   1.0300000e+01  -9.9841622e+01
   1.0400000e+01  -3.1767499e+01
   1.0500000e+01  -1.1692816e+02
   1.0600000e+01  -5.1615840e+01
   1.0700000e+01  -1.2943381e+02
   1.0800000e+01  -1.3718825e+02
   1.0900000e+01  -1.4944834e+02
   1.1000000e+01  -9.0106074e+01
   1.1100000e+01  -1.6743569e+01
   1.1200000e+01  -4.5570675e+01
   1.1300000e+01  -1.8063972e+02
   1.1400000e+01  -2.9869833e+01
   1.1500000e+01  -1.5999416e+02
   1.1600000e+01  -1.0277769e+02
   1.1700000e+01  -1.8681066e+02
   1.1800000e+01  -1.4352112e+01
   1.1900000e+01  -7.9265287e+01
   1.2000000e+01  -1.8549973e+01
   1.2100000e+01  -1.6176885e+02
   1.2200000e+01  -7.4968367e-01
   1.2300000e+01  -1.1984958e+02
   1.2400000e+01  -1.1995294e+02
   1.2500000e+01  -1.1982280e+02
   1.2600000e+01  -1.0798778e+01
   1.2700000e+01  -4.6435070e+01
   1.2800000e+01  -2.6462365e+01
   1.2900000e+01  -6.6737231e+01
   1.3000000e+01  -2.5199154e+01
   1.3100000e+01  -2.0888267e+01
   1.3200000e+01   5.1991946e+00
   1.3300000e+01   2.7288896e+01
   1.3400000e+01   3.0534068e+01
   1.3500000e+01   4.8282152e+01
   1.3600000e+01   4.7080696e+02
   1.3700000e+01   4.4359637e+02
   1.3800000e+01   5.5531789e+02
   1.3900000e+01   1.8104139e+02
   1.4000000e+01   1.2356978e+03
   1.4100000e+01   9.8065622e+02
   1.4200000e+01   5.6545779e+02
   1.4300000e+01   7.9531061e+02
   1.4400000e+01   5.6562606e+02
   1.4500000e+01   9.2367968e+01
   1.4600000e+01   2.4210016e+02
   1.4700000e+01   1.0082331e+02
   1.4800000e+01   1.2157232e+02
   1.4900000e+01   1.3136019e+02
   1.5000000e+01   1.9833307e+02
   1.5100000e+01   2.1738616e+01
   1.5200000e+01   3.8478837e+02
   1.5300000e+01   4.0881067e+02
   1.5400000e+01   2.2132613e+02
   1.5500000e+01   2.3311949e+02
   1.5600000e+01   1.7112383e+02
   1.5700000e+01   4.8595590e+02
   1.5800000e+01   2.1239251e+02
   1.5900000e+01   6.8064127e+01
   1.6000000e+01   5.0737597e+02
   1.6100000e+01   2.6879613e+02
   1.6200000e+01   1.7649520e+02
   1.6300000e+01   3.1180189e+02
   1.6400000e+01   7.8590286e+01
   1.6500000e+01   1.1333386e+02
   1.6600000e+01   8.5150111e+02
   1.6700000e+01   9.0847269e+02
   1.6800000e+01   5.7382109e+02
   1.6900000e+01   6.2541406e+01
   1.7000000e+01   2.5731930e+02
